3dsv	A	1	19 329	19 62;63 79;80 123;124 158;159 191;192 244;245 289;290 305;306 329		III.	0
3dsx	A	1	19 329	19 62;63 79;80 123;124 158;159 191;192 244;245 289;290 305;306 329		III.	0
3e4b	A	3	8 39;71 388;400 423	8 24;25 39;71 104;105 140;141 160;161 189;190 212;213 247;248 282;283 317;318 352;353 388;400 423		III.	0
3e4b	B	3	13 29;54 387;392 419	13 29;54 67;68 104;105 140;141 175;176 211;212 247;248 281;282 316;317 354;355 387;392 403;404 419		III.	3 4
3e4b	C	3	19 45;54 401;410 424	19 45;54 90;91 127;128 160;161 191;192 232;233 266;267 302;303 337;338 374;375 401;410 424		III.	3 2
3e4b	D	3	22 35;129 389;397 419	22 35;129 141;142 174;175 213;214 248;249 283;284 316;317 354;355 389;397 419		III.	3 4
3ebb	A	1	547 795	547 588;589 628;629 670;671 697;698 736;737 778;779 795		III.	0
3ebb	C	2	547 581;591 795	547 581;591 605;606 653;654 697;698 736;737 779;780 795		III.	0
3ebb	D	3	547 626;635 675;679 795	547 587;588 626;635 675;679 720;721 759;760 795		III.	0
3edt	B	1	216 479	216 235;236 274;275 319;320 358;359 396;397 444;445 479		III.	0
3edt	F	1	210 479	210 235;236 277;278 319;320 358;359 396;397 444;445 479		III.	0
3edt	H	2	212 396;448 479	212 238;239 278;279 322;323 362;363 396;448 479		III.	3 4
3ehr	B	1	74 190	74 106;107 140;141 172;173 190		III.	3 1
3eij	A	2	163 309;327 440	163 196;197 232;233 275;276 309;327 359;360 397;398 440		III.	0
3gjx	D	5	20 116;124 384;402 668;679 996;1007 1050	20 35;36 71;72 116;124 166;167 207;208 239;240 255;256 302;303 342;343 384;402 468;469 511;512 595;596 625;626 668;679 729;730 747;748 792;793 837;838 882;883 933;934 968;969 996;1007 1050		III.	0
3gni	A	2	14 287;298 335	14 54;55 75;76 122;123 162;163 202;203 251;252 287;298 335		III.	3 5
3grl	A	1	18 155	18 55;56 119;120 155		III.	3 5
3grl	A	2	157 552;565 631	157 197;198 243;244 299;300 344;345 396;397 453;454 507;508 552;565 631		III.	3 5
3gs3	A	1	22 138	22 60;61 97;98 138		III.	0
3gs3	A	1	147 258	147 188;189 214;215 258		III.	0
3gvo	A	1	706 1047	706 721;722 752;753 787;788 824;825 861;862 897;898 933;934 971;972 1012;1013 1047		III.	3 9
3gvt	A	1	706 1047	706 722;723 752;753 787;788 824;825 861;862 897;898 933;934 971;972 1014;1015 1047		III.	3 9
3gw4	B	1	5 199	5 26;27 66;67 107;108 147;148 183;184 199		III.	0
3gyz	A	2	9 23;35 150	9 23;35 68;69 102;103 137;138 150		III.	3 4
3h3d	X	1	2 305	2 15;16 46;47 82;83 118;119 155;156 190;191 226;227 262;263 305		III.	3 9
3h3d	Y	1	316 616	316 328;329 360;361 396;397 432;433 468;469 504;505 540;541 576;577 616		III.	3 9
3hym	L	2	230 433;441 527	230 264;265 296;297 332;333 368;369 402;403 433;441 479;480 513;514 527		III.	0
3i5p	A	2	1206 1401;1416 1493	1206 1258;1259 1316;1317 1353;1354 1401;1416 1493		III.	0
3ibv	A	4	1 347;357 469;485 586;600 953	1 36;37 51;52 98;99 149;150 183;184 198;199 241;242 287;288 347;357 428;429 469;485 503;504 545;546 586;600 617;618 676;677 731;732 747;748 788;789 806;807 864;865 925;926 938;939 953		III.	0
3j96	I	2	8 24;35 291	8 24;35 76;77 115;116 136;137 176;177 216;217 233;234 271;272 291		III.	0
3j97	J	2	8 25;37 293	8 25;37 76;77 115;116 136;137 176;177 217;218 252;253 293		III.	0
3j98	G	1	8 292	8 36;37 76;77 115;116 156;157 196;197 234;235 252;253 292		III.	0
3j98	H	1	8 288	8 56;57 96;97 115;116 156;157 196;197 234;235 272;273 288		III.	0
3j9p	A	1	448 614	448 481;482 513;514 547;548 579;580 614		III.	3 1
3j9p	A	3	628 789;807 999;1047 1078	628 656;657 724;725 789;807 860;861 876;877 950;951 963;964 999;1047 1059;1060 1078		III.	0
3j9p	B	1	448 614	448 481;482 513;514 547;548 579;580 614		III.	3 1
3j9p	B	3	628 789;807 999;1047 1078	628 656;657 724;725 789;807 860;861 876;877 950;951 963;964 999;1047 1059;1060 1078		III.	0
3jb9	r	1	121 737	121 155;156 191;192 223;224 258;259 290;291 306;307 344;345 379;380 425;426 465;466 498;499 532;533 572;573 607;608 643;644 680;681 718;719 737		III.	3 5
3jck	C	3	54 328;336 379;408 427	54 90;91 130;131 170;171 211;212 254;255 291;292 328;336 379;408 427		III.	0
3jx7	A	1	8 222	8 56;57 91;92 126;127 161;162 199;200 222		III.	0
3jxy	A	2	8 199;210 230	8 56;57 91;92 126;127 161;162 199;210 230		III.	0
3k49	A	2	515 527;534 875	515 527;534 564;565 600;601 636;637 672;673 708;709 750;751 786;787 835;836 875		III.	3 9
3k61	A	2	184 374;390 566	184 215;216 261;262 298;299 335;336 374;390 428;429 463;464 535;536 566		III.	3 9
3k62	A	2	184 374;390 566	184 215;216 261;262 298;299 335;336 374;390 428;429 463;464 535;536 566		III.	3 9
3k64	A	3	184 374;390 513;531 567	184 215;216 261;262 298;299 335;336 374;390 428;429 463;464 513;531 567		III.	3 9
3k8p	D	5	31 199;211 412;414 557;569 621;636 677	31 43;44 140;141 174;175 199;211 241;242 290;291 336;337 366;367 395;396 412;414 449;450 496;497 536;537 557;569 600;601 621;636 677		III.	3 4
3k9i	A	1	55 158	55 68;69 104;105 138;139 158		III.	0
3kd7	C	1	8 107	8 41;42 75;76 107		III.	3 4
3kea	B	2	2 55;61 279	2 29;30 55;61 93;94 119;120 157;158 195;196 219;220 264;265 279		III.	3 1
3l3f	X	3	408 434;479 586;595 715	408 434;479 514;515 546;547 586;595 610;611 624;625 650;651 665;666 701;702 715		III.	3 4
3l6a	A	2	2 119;129 360	2 38;39 54;55 107;108 119;129 172;173 188;189 226;227 287;288 307;308 323;324 360		III.	3 3
3l6x	A	1	361 846	361 379;380 421;422 465;466 523;524 573;574 671;672 717;718 765;766 809;810 846		III.	3 6
3l6y	A	2	366 505;523 781	366 378;379 420;421 463;464 505;523 565;566 670;671 716;717 769;770 781		III.	3 6
3l6y	C	1	366 813	366 377;378 419;420 464;465 521;522 570;571 669;670 717;718 764;765 813		III.	3 6
3l6y	E	1	367 827	367 378;379 420;421 465;466 483;484 522;523 565;566 670;671 716;717 764;765 810;811 827		III.	3 6
3l9t	A	2	2 14;20 203	2 14;20 33;34 65;66 98;99 140;141 175;176 203		III.	0
3ljn	A	2	18 119;136 314	18 48;49 79;80 119;136 168;169 208;209 238;239 272;273 314		III.	3 1
3lpz	A	2	4 217;236 269	4 43;44 82;83 123;124 143;144 178;179 217;236 269		III.	0
3ltj	A	1	14 201	14 46;47 77;78 108;109 139;140 170;171 201		III.	0
3ltm	A	1	16 200	16 46;47 77;78 108;109 139;140 170;171 200		III.	0
3ltm	B	1	20 201	20 46;47 77;78 108;109 139;140 170;171 201		III.	0
3lvg	C	3	1078 1350;1358 1392;1401 1628	1078 1105;1106 1169;1170 1197;1198 1225;1226 1249;1250 1292;1293 1313;1314 1350;1358 1392;1401 1437;1438 1460;1461 1493;1494 1515;1516 1546;1547 1584;1585 1599;1600 1613;1614 1628		III.	0
3m1i	C	2	1 740;759 1058	1 44;45 59;60 104;105 144;145 205;206 243;244 296;297 335;336 415;416 476;477 522;523 605;606 635;636 676;677 689;690 740;759 803;804 848;849 899;900 945;946 1004;1005 1042;1043 1058		III.	0
3m66	A	3	149 341;351 372;390 417	149 162;163 183;184 199;200 211;212 233;234 247;248 268;269 282;283 305;306 318;319 341;351 372;390 417		III.	3 1
3mkq	A	5	3 423;436 487;501 528;536 589;600 807	3 15;16 32;33 57;58 74;75 100;101 116;117 142;143 160;161 186;187 205;206 230;231 247;248 272;273 291;292 304;305 318;319 358;359 375;376 394;395 411;412 423;436 448;449 470;471 487;501 528;536 550;551 573;574 589;600 626;627 652;653 664;665 694;695 707;708 736;737 759;760 792;793 807		III.	0
3mkq	B	1	648 783	648 673;674 688;689 715;716 730;731 757;758 783		III.	0
3mkq	D	1	648 783	648 673;674 688;689 715;716 730;731 757;758 783		III.	0
3mkq	E	6	11 85;93 127;136 171;179 258;266 459;467 810	11 50;51 85;93 127;136 171;179 223;224 258;266 301;302 335;336 353;354 392;393 429;430 459;467 501;502 526;527 566;567 600;601 630;631 652;653 677;678 707;708 736;737 763;764 791;792 810		III.	0
3mkq	F	1	648 783	648 673;674 688;689 715;716 730;731 757;758 783		III.	0
3mkr	A	1	17 303	17 43;44 79;80 116;117 145;146 179;180 215;216 249;250 284;285 303		III.	0
3ml8	A	1	547 729	547 586;587 616;617 655;656 676;677 729		III.	3 5
3msv	A	2	13 33;62 392	13 33;62 109;110 164;165 223;224 247;248 307;308 334;335 379;380 392		III.	0
3mv2	B	3	1 152;161 228;240 291	1 29;30 54;55 84;85 115;116 152;161 195;196 228;240 269;270 291		III.	3 4
3n6s	A	1	71 401	71 93;94 127;128 162;163 199;200 240;241 278;279 316;317 347;348 378;379 401		III.	0
3nby	A	1	19 1050	19 53;54 96;97 149;150 161;162 219;220 255;256 303;304 334;335 379;380 424;425 477;478 490;491 531;532 579;580 626;627 664;665 678;679 729;730 747;748 792;793 837;838 888;889 936;937 982;983 1006;1007 1050		III.	0
3nby	D	2	20 178;186 1050	20 53;54 96;97 141;142 178;186 236;237 274;275 336;337 376;377 408;409 467;468 489;490 531;532 578;579 626;627 666;667 678;679 729;730 747;748 792;793 837;838 887;888 936;937 982;983 1006;1007 1050		III.	0
3nbz	A	3	21 676;685 1024;1033 1052	21 59;60 97;98 142;143 198;199 238;239 280;281 343;344 411;412 467;468 512;513 558;559 601;602 651;652 676;685 752;753 773;774 816;817 867;868 916;917 973;974 988;989 1024;1033 1052		III.	0
3nbz	D	6	21 57;72 115;123 477;488 956;967 995;1007 1050	21 57;72 115;123 159;160 217;218 255;256 303;304 343;344 358;359 425;426 477;488 507;508 552;553 573;574 610;611 624;625 665;666 678;679 729;730 747;748 792;793 837;838 866;867 909;910 956;967 995;1007 1050		III.	0
3nc0	A	4	19 59;73 424;450 480;490 1050	19 59;73 119;120 161;162 219;220 255;256 303;304 364;365 424;450 480;490 531;532 579;580 626;627 665;666 678;679 729;730 747;748 792;793 837;838 888;889 936;937 989;990 1006;1007 1050		III.	0
3nc0	D	4	19 147;157 427;446 958;967 1052	19 52;53 94;95 147;157 214;215 255;256 303;304 343;344 358;359 427;446 464;465 511;512 557;558 600;601 649;650 678;679 729;730 747;748 792;793 837;838 866;867 912;913 958;967 988;989 1027;1028 1052		III.	0
3nf1	A	3	210 411;424 451;461 495	210 246;247 290;291 330;331 373;374 411;424 451;461 495		III.	0
3nmx	C	3	403 422;441 481;495 737	403 422;441 481;495 534;535 581;582 624;625 670;671 715;716 737		III.	0
3now	A	4	138 342;355 389;398 898;906 923	138 157;158 200;201 241;242 278;279 300;301 342;355 389;398 440;441 479;480 530;531 570;571 645;646 685;686 731;732 772;773 814;815 858;859 898;906 923		III.	3 6
3o4x	B	1	135 433	135 147;148 200;201 242;243 297;298 346;347 361;362 395;396 433		III.	0
3o4x	C	1	134 434	134 147;148 200;201 243;244 297;298 346;347 361;362 393;394 434		III.	0
3o4z	A	4	1 311;323 355;375 550;617 683	1 29;30 67;68 102;103 135;136 163;164 184;185 243;244 273;274 311;323 355;375 434;435 477;478 517;518 550;617 659;660 683		III.	0
3ods	A	1	30 349	30 69;70 86;87 125;126 158;159 232;233 250;251 297;298 312;313 349		III.	0
3opb	A	4	11 208;220 551;566 753;761 772	11 33;34 56;57 106;107 140;141 180;181 208;220 264;265 304;305 342;343 385;386 465;466 509;510 551;566 614;615 659;660 707;708 753;761 772		III.	0
3opb	B	1	11 771	11 31;32 83;84 120;121 159;160 203;204 219;220 263;264 304;305 343;344 384;385 464;465 506;507 566;567 615;616 661;662 706;707 755;756 771		III.	3 6
3ouw	A	2	165 547;566 664	165 207;208 248;249 289;290 333;334 374;375 412;413 456;457 502;503 547;566 606;607 648;649 664		III.	3 6
3oux	A	2	151 547;566 665	151 164;165 206;207 248;249 289;290 333;334 374;375 412;413 456;457 503;504 547;566 606;607 648;649 665		III.	3 6
3q0l	A	1	830 1168	830 843;844 874;875 910;911 946;947 982;983 1018;1019 1054;1055 1090;1091 1133;1134 1168		III.	3 9
3q0n	A	1	829 1168	829 843;844 874;875 910;911 946;947 982;983 1018;1019 1054;1055 1090;1091 1133;1134 1168		III.	3 9
3q0q	A	1	707 1048	707 721;722 752;753 788;789 824;825 862;863 898;899 934;935 970;971 1013;1014 1048		III.	3 9
3q0r	A	1	707 1048	707 721;722 752;753 788;789 824;825 862;863 898;899 934;935 970;971 1013;1014 1048		III.	3 9
3q0s	A	1	707 1048	707 722;723 752;753 788;789 824;825 862;863 898;899 934;935 970;971 1013;1014 1048		III.	3 9
3q15	B	1	6 371	6 47;48 94;95 134;135 175;176 215;216 256;257 295;296 329;330 371		III.	0
3q4a	B	1	26 152	26 59;60 93;94 131;132 152		III.	3 4
3qg9	A	2	184 374;390 567	184 215;216 261;262 298;299 335;336 374;390 428;429 463;464 535;536 567		III.	3 9
3qgb	A	3	184 373;390 513;531 566	184 215;216 261;262 298;299 336;337 373;390 428;429 464;465 513;531 566		III.	3 9
3qgc	A	1	183 565	183 211;212 252;253 296;297 332;333 371;372 423;424 462;463 511;512 565		III.	0
3qky	A	2	33 197;205 280	33 69;70 101;102 129;130 153;154 165;166 197;205 228;229 263;264 280		III.	3 4
3qml	C	1	126 406	126 147;148 189;190 240;241 280;281 337;338 391;392 406		III.	3 6
3qml	D	1	125 395	125 136;137 184;185 240;241 278;279 336;337 395		III.	3 6
3r9a	B	3	336 438;465 588;600 638	336 367;368 401;402 438;465 486;487 520;521 554;555 588;600 626;627 638		III.	3 4
3r9a	D	1	336 638	336 367;368 401;402 428;429 487;488 520;521 554;555 600;601 626;627 638		III.	3 4
3rk6	A	2	78 150;158 294	78 113;114 150;158 180;181 231;232 254;255 294		III.	3 5
3rkv	A	2	188 307;317 332	188 207;208 223;224 241;242 257;258 275;276 307;317 332		III.	3 4
3ro2	A	1	13 344	13 50;51 90;91 130;131 190;191 230;231 270;271 310;311 344		III.	0
3ro3	A	1	191 348	191 229;230 270;271 310;311 348		III.	0
3s4w	A	8	1 427;437 562;571 790;805 857;865 935;945 971;981 1188;1199 1292	1 28;29 42;43 86;87 101;102 131;132 170;171 206;207 264;265 296;297 355;356 373;374 427;437 473;474 512;513 550;551 562;571 597;598 627;628 661;662 713;714 740;741 790;805 857;865 924;925 935;945 971;981 1021;1022 1036;1037 1082;1083 1160;1161 1188;1199 1273;1274 1292		III.	3 5
3s4z	B	6	1 709;732 781;804 853;864 924;946 1035;1039 1280	1 26;27 39;40 76;77 101;102 138;139 168;169 206;207 225;226 279;280 304;305 338;339 360;361 375;376 433;434 471;472 509;510 546;547 579;580 616;617 634;635 662;663 709;732 743;744 781;804 853;864 924;946 995;996 1035;1039 1089;1090 1135;1136 1175;1176 1195;1196 1267;1268 1280		III.	0
3s51	B	7	64 140;153 286;298 350;360 568;577 856;869 1104;1131 1273	64 100;101 140;153 186;187 226;227 286;298 350;360 377;378 435;436 473;474 508;509 568;577 597;598 614;615 681;682 702;703 768;769 804;805 856;869 925;926 950;951 992;993 1037;1038 1091;1092 1104;1131 1192;1193 1273		III.	0
3t8k	A	2	6 71;73 181	6 35;36 71;73 111;112 150;151 181		III.	3 1
3tgo	B	2	29 147;156 243	29 63;64 102;103 147;156 206;207 243		III.	0
3tj1	A	2	46 548;578 611	46 92;93 108;109 150;151 179;180 224;225 333;334 350;351 389;390 434;435 469;470 516;517 548;578 598;599 611		III.	0
3tjp	A	2	551 729;741 783	551 584;585 622;623 655;656 691;692 729;741 783		III.	0
3tjz	B	2	22 239;261 310	22 54;55 95;96 131;132 166;167 203;204 239;261 298;299 310		III.	0
3tl4	X	2	2 100;111 178	2 28;29 67;68 100;111 123;124 153;154 178		III.	0
3txm	A	1	43 243	43 81;82 102;103 142;143 162;163 201;202 243		III.	0
3txm	A	2	246 313;326 385	246 280;281 313;326 364;365 385		III.	0
3txn	A	2	43 316;324 383	43 81;82 101;102 142;143 162;163 201;202 243;244 279;280 316;324 364;365 383		III.	0
3u3w	A	1	70 272	70 108;109 150;151 190;191 231;232 272		III.	0
3u4t	A	1	230 479	230 260;261 297;298 332;333 365;366 400;401 444;445 479		III.	3 4
3u4t	B	1	231 479	231 260;261 297;298 333;334 365;366 400;401 444;445 479		III.	3 4
3ugm	A	1	181 1044	181 204;205 227;228 264;265 296;297 332;333 364;365 400;401 434;435 466;467 502;503 533;534 567;568 603;604 635;636 669;670 705;706 737;738 771;772 805;806 841;842 873;874 907;908 943;944 975;976 1011;1012 1044		III.	0
3ui2	A	1	85 318	85 133;134 152;153 185;186 219;220 267;268 318		III.	0
3ulq	A	1	6 367	6 50;51 96;97 136;137 177;178 218;219 258;259 298;299 329;330 367		III.	0
3urz	A	2	22 163;176 223	22 54;55 71;72 103;104 138;139 163;176 190;191 223		III.	3 4
3urz	B	1	22 226	22 53;54 71;72 103;104 138;139 150;151 193;194 226		III.	3 4
3ut4	A	2	10 60;72 129	10 45;46 60;72 110;111 129		III.	0
3ut4	B	1	8 129	8 45;46 71;72 110;111 129		III.	0
3utm	A	2	317 505;514 635	317 328;329 361;362 394;395 427;428 460;461 482;483 505;514 550;551 583;584 616;617 635		III.	3 1
3utm	B	2	329 505;515 634	329 361;362 394;395 427;428 460;461 482;483 505;515 550;551 583;584 616;617 634		III.	3 1
3v6a	A	2	2 357;376 429	2 39;40 79;80 93;94 128;129 170;171 203;204 253;254 296;297 357;376 429		III.	0
3v6y	A	1	183 565	183 214;215 255;256 299;300 334;335 374;375 423;424 462;463 511;512 565		III.	0
3v71	A	1	83 452	83 115;116 153;154 191;192 228;229 265;266 277;278 315;316 352;353 398;399 418;419 452		III.	3 9
3v74	A	1	171 566	171 182;183 215;216 261;262 298;299 336;337 373;374 389;390 428;429 464;465 513;514 530;531 566		III.	3 9
3vld	A	3	9 125;134 421;433 465	9 44;45 89;90 125;134 166;167 206;207 219;220 236;237 270;271 296;297 319;320 347;348 381;382 421;433 465		III.	0
3vld	B	2	9 187;189 465	9 22;23 67;68 106;107 148;149 187;189 224;225 277;278 318;319 349;350 380;381 421;422 465		III.	0
3vlf	A	1	9 465	9 45;46 87;88 106;107 147;148 186;187 227;228 278;279 349;350 423;424 465		III.	0
3vlf	C	2	10 305;320 465	10 46;47 96;97 129;130 172;173 212;213 257;258 305;320 352;353 382;383 426;427 465		III.	3 5
3vtx	A	1	43 211	43 75;76 110;111 143;144 177;178 211		III.	3 4
3vtx	B	1	43 211	43 75;76 110;111 144;145 177;178 211		III.	3 4
3vty	A	1	43 211	43 75;76 110;111 143;144 177;178 211		III.	3 4
3vty	B	1	43 211	43 75;76 110;111 144;145 177;178 211		III.	3 4
3vty	C	1	43 214	43 76;77 110;111 144;145 178;179 214		III.	3 4
3vty	D	1	48 211	48 76;77 110;111 144;145 178;179 211		III.	3 4
3vwa	A	3	11 31;44 128;209 539	11 31;44 72;73 128;209 243;244 292;293 346;347 381;382 420;421 461;462 503;504 539		III.	0
3vyc	A	1	47 1081	47 81;82 137;138 185;186 223;224 272;273 294;295 329;330 419;420 483;484 511;512 565;566 609;610 648;649 716;717 730;731 807;808 822;823 873;874 927;928 991;992 1006;1007 1020;1021 1047;1048 1081		III.	0
3w3u	A	3	5 38;42 1020;1026 1089	5 38;42 93;94 136;137 168;169 217;218 256;257 307;308 364;365 398;399 443;444 487;488 527;528 572;573 617;618 692;693 742;743 785;786 854;855 894;895 934;935 986;987 1020;1026 1069;1070 1089		III.	0
3w3w	A	7	5 79;93 414;422 456;465 498;507 539;551 1062;1070 1088	5 38;39 79;93 131;132 167;168 190;191 223;224 254;255 293;294 364;365 380;381 414;422 456;465 498;507 539;551 584;585 616;617 690;691 728;729 782;783 850;851 886;887 935;936 979;980 1023;1024 1062;1070 1088		III.	3 5
3w3x	A	4	6 889;892 1014;1026 1064;1072 1088	6 40;41 93;94 134;135 150;151 187;188 216;217 257;258 299;300 359;360 402;403 442;443 487;488 527;528 572;573 617;618 692;693 743;744 785;786 854;855 889;892 933;934 982;983 1014;1026 1064;1072 1088		III.	0
3w3y	A	6	5 79;96 456;465 498;507 539;551 1045;1052 1088	5 38;39 79;96 129;130 169;170 190;191 223;224 256;257 297;298 321;322 341;342 380;381 421;422 456;465 498;507 539;551 584;585 616;617 690;691 728;729 782;783 853;854 886;887 935;936 979;980 1001;1002 1045;1052 1088		III.	3 5
3w3z	A	3	5 544;550 736;741 1088	5 47;48 59;60 119;120 151;152 194;195 239;240 258;259 302;303 362;363 404;405 445;446 489;490 526;527 544;550 599;600 616;617 690;691 736;741 761;762 835;836 852;853 893;894 935;936 979;980 1000;1001 1046;1047 1088		III.	0
3w5k	A	5	15 125;136 270;279 318;329 515;524 874	15 31;32 64;65 81;82 125;136 185;186 227;228 270;279 318;329 376;377 419;420 461;462 515;524 557;558 617;618 659;660 705;706 745;746 807;808 852;853 874		III.	3 7
3woy	A	1	63 298	63 83;84 104;105 148;149 187;188 224;225 266;267 298		III.	0
3woz	A	1	645 865	645 656;657 697;698 741;742 779;780 823;824 865		III.	0
3woz	B	1	646 869	646 657;658 698;699 741;742 779;780 822;823 869		III.	0
3woz	D	1	645 864	645 657;658 698;699 741;742 779;780 825;826 864		III.	0
3zfw	A	2	236 396;405 479	236 275;276 317;318 359;360 396;405 444;445 479		III.	0
3zfw	B	2	236 395;404 477	236 275;276 317;318 359;360 395;404 442;443 477		III.	0
3zhe	A	3	2 302;311 335;347 381	2 48;49 100;101 142;143 175;176 209;210 255;256 302;311 335;347 381		III.	3 3
3zhp	A	3	16 53;62 286;297 334	16 53;62 73;74 115;116 160;161 198;199 250;251 286;297 334		III.	3 5
3zil	A	2	202 445;455 560	202 236;237 259;260 302;303 324;325 348;349 367;368 401;402 445;455 471;472 486;487 501;502 543;544 560		III.	3 6
3zjy	B	3	22 401;412 804;815 952	22 54;55 92;93 138;139 190;191 213;214 253;254 271;272 324;325 342;343 401;412 433;434 481;482 500;501 541;542 560;561 602;603 622;623 693;694 738;739 753;754 804;815 853;854 898;899 916;917 952		III.	0
3zn3	A	2	22 52;83 307	22 52;83 99;100 153;154 171;172 205;206 233;234 268;269 307		III.	3 4
4a0c	A	2	4 404;425 1208	4 40;41 83;84 116;117 166;167 208;209 248;249 289;290 370;371 404;425 468;469 513;514 561;562 603;604 643;644 684;685 726;727 770;771 812;813 853;854 886;887 921;922 965;966 999;1000 1041;1042 1099;1100 1137;1138 1190;1191 1208		III.	0
4a0c	B	2	3 406;425 1216	3 40;41 78;79 125;126 171;172 209;210 246;247 290;291 367;368 406;425 472;473 510;511 559;560 605;606 642;643 684;685 729;730 771;772 809;810 850;851 888;889 922;923 965;966 999;1000 1038;1039 1099;1100 1135;1136 1196;1197 1216		III.	0
4a1g	A	2	3 55;65 147	3 22;23 55;65 97;98 128;129 147		III.	3 4
1bpo	B	3	330 353;363 385;393 493	330 353;363 385;393 426;427 457;458 470;471 493		III.	3 3
1bpo	B	1	6 151	6 29;30 70;71 110;111 151		III.	0
1bpo	C	2	333 396;404 487	333 359;360 396;404 427;428 461;462 487		III.	0
1bpo	C	1	6 151	6 29;30 70;71 110;111 151		III.	0
1elk	A	2	10 82;91 149	10 46;47 82;91 131;132 149		III.	0
1gcj	A	4	13 60;68 184;186 332;345 454	13 60;68 83;84 125;126 141;142 184;186 229;230 272;273 332;345 377;378 420;421 454		III.	3 7
1gcj	B	4	13 60;68 184;186 332;345 454	13 60;68 82;83 123;124 141;142 184;186 229;230 272;273 332;345 377;378 420;421 454		III.	3 7
1h2v	C	3	29 265;285 483;494 790	29 66;67 97;98 141;142 162;163 203;204 244;245 265;285 307;308 345;346 395;396 421;422 464;465 483;494 524;525 577;578 615;616 640;641 710;711 762;763 790		III.	0
4a1g	C	1	3 148	3 17;18 57;58 79;80 113;114 148		III.	0
4a1g	D	1	1 146	1 22;23 55;56 97;98 128;129 146		III.	3 4
4a1s	A	1	39 386	39 76;77 116;117 156;157 213;214 253;254 293;294 333;334 371;372 386		III.	0
4a1s	B	1	39 333	39 76;77 116;117 156;157 213;214 253;254 293;294 333		III.	0
4ady	A	3	5 46;57 896;910 925	5 46;57 89;90 146;147 185;186 201;202 237;238 287;288 309;310 341;342 389;390 416;417 469;470 504;505 529;530 574;575 600;601 644;645 672;673 708;709 724;725 755;756 770;771 896;910 925		III.	3 4
4ady	B	3	59 708;719 887;901 921	59 87;88 126;127 165;166 190;191 220;221 234;235 268;269 284;285 309;310 340;341 377;378 417;418 458;459 491;492 527;528 564;565 598;599 633;634 667;668 708;719 755;756 774;775 887;901 921		III.	3 5
4am9	A	1	36 156	36 69;70 103;104 136;137 156		III.	3 4
4atg	A	1	165 354	165 197;198 232;233 280;281 323;324 354		III.	3 5
4b7l	A	2	13 120;137 240	13 29;30 57;58 90;91 120;137 152;153 178;179 209;210 240		III.	0
4b8b	B	1	192 746	192 255;256 276;277 313;314 342;343 392;393 411;412 442;443 474;475 513;514 533;534 578;579 593;594 608;609 673;674 716;717 746		III.	0
4b94	A	1	64 191	64 94;95 121;122 156;157 191		III.	0
4bsn	A	4	3 54;63 178;194 293;303 790	3 18;19 54;63 124;125 138;139 178;194 237;238 253;254 293;303 336;337 408;409 463;464 503;504 554;555 598;599 649;650 705;706 718;719 790		III.	0
4bwr	A	1	3 450	3 35;36 71;72 107;108 143;144 179;180 215;216 251;252 288;289 323;324 359;360 395;396 431;432 450		III.	3 2
4c0o	A	4	3 254;264 804;818 882;891 922	3 39;40 77;78 117;118 152;153 169;170 213;214 254;264 304;305 326;327 372;373 415;416 448;449 472;473 511;512 549;550 564;565 620;621 637;638 670;671 690;691 730;731 763;764 804;818 862;863 882;891 922		III.	0
4c0o	B	5	3 212;223 569;577 621;635 880;889 922	3 41;42 74;75 119;120 154;155 168;169 212;223 252;253 306;307 341;342 375;376 415;416 449;450 470;471 512;513 534;535 569;577 621;635 670;671 707;708 763;764 802;803 863;864 880;889 922		III.	0
4d49	A	1	24 249	24 65;66 107;108 149;150 191;192 233;234 249		III.	3 6
4d49	B	1	12 249	12 23;24 65;66 107;108 149;150 191;192 233;234 249		III.	3 6
4d49	E	1	21 249	21 63;64 105;106 147;148 189;190 231;232 249		III.	0
4d49	F	1	24 249	24 65;66 107;108 149;150 191;192 233;234 249		III.	3 6
4d4e	A	1	24 248	24 65;66 107;108 149;150 191;192 233;234 248		III.	3 6
4d4e	B	1	12 249	12 24;25 66;67 108;109 150;151 192;193 234;235 249		III.	3 6
4db6	A	1	21 208	21 63;64 104;105 147;148 188;189 208		III.	0
4db8	B	1	21 249	21 43;44 62;63 105;106 146;147 189;190 230;231 249		III.	0
4db8	C	1	22 249	22 39;40 62;63 105;106 146;147 189;190 231;232 249		III.	0
4db8	D	1	7 249	7 46;47 62;63 105;106 146;147 189;190 230;231 249		III.	0
4db9	A	1	6 207	6 21;22 63;64 105;106 147;148 189;190 207		III.	0
4db9	B	1	6 207	6 21;22 63;64 105;106 147;148 189;190 207		III.	0
4db9	C	1	6 207	6 21;22 63;64 105;106 147;148 189;190 207		III.	0
4db9	D	1	9 207	9 21;22 63;64 105;106 147;148 189;190 207		III.	0
4db9	E	1	9 207	9 21;22 63;64 105;106 147;148 189;190 207		III.	0
4db9	F	1	9 207	9 21;22 63;64 105;106 147;148 189;190 207		III.	0
4dba	A	1	22 207	22 40;41 63;64 105;106 147;148 189;190 207		III.	0
4dba	B	1	22 207	22 40;41 63;64 105;106 147;148 189;190 207		III.	0
4dba	C	1	22 207	22 40;41 63;64 105;106 147;148 189;190 207		III.	0
4dba	D	1	21 207	21 43;44 62;63 105;106 146;147 189;190 207		III.	0
4dx1	B	2	151 269;286 393	151 191;192 238;239 269;286 320;321 370;371 393		III.	0
4dzs	A	1	560 887	560 589;590 625;626 661;662 698;699 734;735 774;775 810;811 852;853 887		III.	3 9
4e4v	A	1	70 497	70 89;90 133;134 175;176 221;222 264;265 306;307 348;349 390;391 433;434 483;484 497		III.	3 6
4e4v	B	1	70 497	70 89;90 133;134 175;176 221;222 264;265 306;307 348;349 390;391 432;433 482;483 497		III.	3 6
4efr	C	1	6 68	6 18;19 54;55 68		III.	0
4efr	C	1	80 239	80 111;112 163;164 215;216 239		III.	3 1
4eqf	A	2	20 44;53 318	20 44;53 86;87 112;113 166;167 200;201 234;235 280;281 306;307 318		III.	0
4ev8	A	2	167 554;567 662	167 207;208 248;249 290;291 333;334 374;375 413;414 457;458 503;504 535;536 554;567 607;608 648;649 662		III.	3 6
4fzf	A	3	13 54;62 287;298 334	13 54;62 74;75 120;121 161;162 199;200 251;252 287;298 334		III.	3 5
4fzv	B	3	94 119;122 218;228 325	94 119;122 141;142 176;177 218;228 248;249 290;291 325		III.	0
4g26	A	3	95 276;355 393;405 556	95 128;129 172;173 208;209 242;243 276;355 393;405 446;447 472;473 498;499 556		III.	0
4g2v	A	1	13 344	13 50;51 89;90 129;130 190;191 230;231 269;270 309;310 344		III.	0
4ga0	A	1	2 141	2 23;24 57;58 90;91 125;126 141		III.	0
4ga1	A	2	3 91;94 144	3 23;24 58;59 91;94 126;127 144		III.	3 4
4ga2	A	1	3 140	3 26;27 59;60 92;93 127;128 140		III.	0
4gcn	A	1	1 124	1 37;38 75;76 112;113 124		III.	3 4
4gcn	B	1	1 124	1 37;38 75;76 112;113 124		III.	3 4
4gfj	A	4	6 42;53 69;84 117;130 612	6 28;29 42;53 69;84 117;130 152;153 182;183 232;233 247;248 265;266 281;282 299;300 326;327 354;355 382;383 413;414 440;441 468;469 497;498 518;519 544;545 570;571 594;595 612		III.	0
4gjr	A	1	234 721	234 265;266 300;301 334;335 368;369 402;403 436;437 470;471 504;505 538;539 572;573 606;607 640;641 674;675 709;710 721		III.	0
4gmj	A	2	1092 1284;1299 1316	1092 1122;1123 1159;1160 1210;1211 1229;1230 1284;1299 1316		III.	0
4gml	E	1	1093 1312	1093 1122;1123 1157;1158 1209;1210 1227;1228 1280;1281 1312		III.	0
4gmo	A	2	25 530;551 668	25 71;72 118;119 187;188 226;227 272;273 420;421 479;480 530;551 601;602 632;633 668		III.	0
4gmx	C	4	10 49;60 415;426 740;759 1042	10 49;60 109;110 141;142 202;203 244;245 291;292 335;336 415;426 482;483 500;501 542;543 590;591 637;638 682;683 740;759 803;804 848;849 899;900 949;950 1005;1006 1042		III.	0
4gpt	C	5	10 612;620 655;665 687;696 976;985 1042	10 52;53 84;85 131;132 189;190 226;227 273;274 291;292 336;337 422;423 486;487 501;502 553;554 569;570 612;620 655;665 687;696 763;764 781;782 828;829 878;879 929;930 976;985 1006;1007 1042		III.	0
4h7y	A	1	10 147	10 60;61 90;91 128;129 147		III.	0
4hat	C	5	6 51;60 437;458 490;501 679;690 1042	6 51;60 109;110 144;145 202;203 244;245 305;306 358;359 437;458 490;501 542;543 590;591 637;638 679;690 740;741 758;759 803;804 848;849 899;900 949;950 1005;1006 1042		III.	0
4hau	C	4	10 612;620 655;665 694;696 1042	10 52;53 84;85 131;132 187;188 227;228 268;269 336;337 421;422 486;487 501;502 553;554 569;570 612;620 655;665 694;696 739;740 755;756 784;785 827;828 878;879 929;930 992;993 1006;1007 1042		III.	0
4hav	C	5	10 135;145 202;206 740;759 848;851 1042	10 46;47 78;79 135;145 202;206 246;247 265;266 335;336 415;416 476;477 522;523 606;607 676;677 689;690 740;759 803;804 848;851 915;916 999;1000 1042		III.	0
4haw	C	6	9 50;60 437;461 513;523 685;691 848;854 1042	9 50;60 109;110 160;161 205;206 244;245 305;306 335;336 415;416 437;461 513;523 609;610 653;654 685;691 743;744 758;759 803;804 848;854 899;900 949;950 1005;1006 1042		III.	0
4hax	C	2	10 942;951 1052	10 49;50 85;86 128;129 184;185 220;221 265;266 335;336 415;416 478;479 522;523 609;610 636;637 689;690 740;741 758;759 803;804 848;849 899;900 942;951 1022;1023 1052		III.	0
4hay	C	5	10 49;60 198;206 415;424 679;690 1042	10 49;60 109;110 154;155 198;206 246;247 265;266 335;336 415;424 481;482 500;501 542;543 590;591 637;638 679;690 740;741 758;759 803;804 848;849 899;900 949;950 1005;1006 1042		III.	0
4haz	C	4	6 685;690 740;759 848;852 1042	6 57;58 116;117 145;146 205;206 250;251 286;287 306;307 360;361 476;477 521;522 543;544 593;594 643;644 656;657 685;690 740;759 803;804 848;852 902;903 957;958 979;980 1005;1006 1042		III.	0
4hb0	C	3	10 612;620 694;696 1042	10 52;53 84;85 131;132 184;185 226;227 273;274 336;337 422;423 486;487 501;502 553;554 569;570 612;620 655;656 694;696 764;765 784;785 830;831 878;879 929;930 990;991 1006;1007 1042		III.	0
4hb2	C	3	7 607;613 966;980 1039	7 48;49 79;80 126;127 167;168 182;183 225;226 264;265 327;328 417;418 475;476 515;516 566;567 607;613 651;652 714;715 732;733 807;808 823;824 874;875 928;929 966;980 1004;1005 1039		III.	3 5
4hb3	C	3	10 612;620 681;690 1042	10 52;53 84;85 131;132 184;185 227;228 272;273 336;337 421;422 481;482 501;502 553;554 569;570 612;620 655;656 681;690 740;741 759;760 804;805 848;849 878;879 929;930 990;991 1006;1007 1042		III.	0
4hb4	C	3	11 489;502 612;620 1042	11 43;44 84;85 129;130 164;165 206;207 249;250 317;318 336;337 421;422 489;502 553;554 569;570 612;620 655;656 679;680 695;696 739;740 755;756 784;785 827;828 878;879 929;930 990;991 1006;1007 1042		III.	0
4hfg	A	1	12 121	12 37;38 76;77 121		III.	0
4hmy	A	1	17 574	17 60;61 95;96 131;132 168;169 204;205 261;262 300;301 338;339 374;375 411;412 448;449 485;486 537;538 574		III.	0
4hmy	B	2	13 541;556 574	13 25;26 62;63 97;98 132;133 178;179 214;215 249;250 303;304 329;330 371;372 402;403 440;441 475;476 521;522 541;556 574		III.	0
4hos	A	4	1 16;29 81;90 124;136 482	1 16;29 48;49 81;90 124;136 170;171 212;213 246;247 279;280 335;336 368;369 408;409 432;433 465;466 482		III.	0
4hxi	A	3	32 81;96 195;208 223	32 44;45 70;71 81;96 116;117 131;132 163;164 195;208 223		III.	3 5
4hxt	A	1	2 242	2 15;16 57;58 99;100 141;142 183;184 225;226 242		III.	3 6
4hzk	B	7	33 44;54 96;105 319;329 668;680 853;863 904;916 1069	33 44;54 96;105 125;126 161;162 206;207 235;236 269;270 285;286 319;329 368;369 388;389 422;423 465;466 505;506 542;543 577;578 593;594 622;623 668;680 695;696 746;747 787;788 837;838 853;863 904;916 931;932 953;954 972;973 997;998 1013;1014 1054;1055 1069		III.	0
4i2z	A	1	7 113	7 45;46 79;80 113		III.	3 4
4i2z	A	2	116 498;525 930	116 138;139 151;152 203;204 250;251 306;307 368;369 397;398 409;410 459;460 498;525 542;543 587;588 658;659 702;703 745;746 790;791 831;832 877;878 918;919 930		III.	3 6
4jhr	A	3	110 349;358 599;607 640	110 149;150 190;191 229;230 270;271 310;311 349;358 599;607 621;622 640		III.	0
4jhr	B	2	110 349;358 640	110 149;150 190;191 229;230 270;271 310;311 349;358 599;600 621;622 640		III.	0
4jlq	A	2	9 48;57 889	9 48;57 104;105 139;140 184;185 225;226 270;271 309;310 373;374 408;409 448;449 490;491 531;532 578;579 617;618 630;631 677;678 719;720 759;760 807;808 843;844 889		III.	0
4kk0	D	3	2 288;343 398;412 430	2 48;49 88;89 141;142 188;189 226;227 262;263 288;343 398;412 430		III.	3 5
4kk0	E	1	2 427	2 48;49 88;89 141;142 188;189 226;227 262;263 349;350 394;395 427		III.	3 5
4kk0	F	3	2 291;339 386;395 427	2 48;49 88;89 141;142 187;188 226;227 262;263 291;339 386;395 427		III.	3 5
4kk1	E	2	2 40;49 431	2 40;49 88;89 141;142 188;189 226;227 262;263 343;344 395;396 413;414 431		III.	3 5
4kvm	A	3	9 365;379 631;651 726	9 42;43 76;77 110;111 145;146 180;181 220;221 254;255 277;278 305;306 345;346 365;379 412;413 447;448 476;477 492;493 556;557 586;587 600;601 616;617 631;651 672;673 710;711 726		III.	3 4
4kvm	B	3	8 209;221 632;651 726	8 43;44 77;78 110;111 144;145 180;181 209;221 254;255 295;296 327;328 379;380 412;413 447;448 476;477 491;492 556;557 586;587 604;605 620;621 632;651 676;677 710;711 726		III.	0
4kvm	C	2	8 631;651 726	8 42;43 76;77 110;111 145;146 180;181 220;221 254;255 275;276 305;306 345;346 365;366 378;379 412;413 447;448 476;477 492;493 556;557 586;587 600;601 616;617 631;651 672;673 710;711 726		III.	3 4
4kvm	D	3	8 368;379 631;651 726	8 42;43 76;77 110;111 145;146 180;181 220;221 254;255 275;276 305;306 345;346 368;379 412;413 447;448 476;477 492;493 556;557 586;587 600;601 616;617 631;651 672;673 710;711 726		III.	3 4
4kvo	A	2	8 642;651 729	8 43;44 77;78 110;111 144;145 180;181 220;221 254;255 294;295 327;328 359;360 379;380 412;413 447;448 491;492 556;557 585;586 619;620 642;651 676;677 710;711 729		III.	0
4kvo	B	2	7 368;380 729	7 43;44 77;78 110;111 144;145 187;188 220;221 254;255 277;278 308;309 349;350 368;380 412;413 449;450 491;492 563;564 585;586 619;620 656;657 676;677 710;711 729		III.	0
4kvo	C	3	8 355;364 643;657 728	8 40;41 74;75 111;112 142;143 176;177 219;220 252;253 275;276 309;310 326;327 355;364 376;377 393;394 410;411 449;450 492;493 523;524 560;561 577;578 604;605 621;622 643;657 671;672 711;712 728		III.	0
4kvo	D	2	10 180;188 729	10 43;44 77;78 110;111 144;145 180;188 220;221 254;255 295;296 327;328 359;360 379;380 412;413 447;448 491;492 556;557 585;586 619;620 656;657 676;677 710;711 729		III.	0
4rg6	A	2	5 688;697 774	5 36;37 68;69 112;113 146;147 469;470 500;501 536;537 571;572 605;606 639;640 672;673 688;697 708;709 741;742 774		III.	3 4
4rg7	A	2	5 688;697 774	5 37;38 68;69 113;114 147;148 469;470 504;505 537;538 572;573 605;606 639;640 673;674 688;697 708;709 741;742 774		III.	3 4
4rg9	A	2	6 688;708 774	6 37;38 67;68 113;114 147;148 471;472 503;504 535;536 571;572 605;606 637;638 671;672 688;708 741;742 774		III.	3 4
4rg9	B	2	5 688;697 774	5 36;37 67;68 110;111 146;147 470;471 500;501 536;537 572;573 606;607 638;639 670;671 688;697 708;709 740;741 774		III.	3 4
4ui9	A	9	15 61;74 295;434 513;582 988;1015 1108;1119 1586;1597 1615;1629 1695;1746 1935	15 35;36 61;74 125;126 182;183 240;241 273;274 295;434 481;482 513;582 613;614 649;650 758;759 809;810 864;865 957;958 988;1015 1032;1033 1108;1119 1151;1152 1231;1232 1264;1265 1331;1332 1395;1396 1415;1416 1483;1484 1545;1546 1586;1597 1615;1629 1695;1746 1778;1779 1801;1802 1885;1886 1935		III.	0
4ui9	C	4	33 64;82 219;228 498;510 557	33 64;82 111;112 168;169 201;202 219;228 262;263 295;296 330;331 363;364 397;398 431;432 466;467 498;510 542;543 557		III.	0
4ui9	F	1	6 819	6 36;37 67;68 113;114 146;147 463;464 497;498 530;531 564;565 598;599 633;634 666;667 701;702 734;735 768;769 819		III.	3 4
4ui9	H	1	6 771	6 36;37 67;68 113;114 146;147 463;464 497;498 530;531 565;566 598;599 633;634 666;667 701;702 734;735 771		III.	3 4
4ui9	P	2	32 64;82 538	32 64;82 111;112 167;168 201;202 226;227 261;262 295;296 329;330 363;364 397;398 431;432 467;468 512;513 538		III.	3 4
4ui9	X	1	36 540	36 75;76 134;135 167;168 200;201 234;235 269;270 303;304 337;338 371;372 406;407 440;441 474;475 507;508 540		III.	3 4
4ui9	Y	2	36 68;76 542	36 68;76 135;136 167;168 202;203 233;234 269;270 303;304 337;338 371;372 406;407 440;441 475;476 507;508 542		III.	3 4
4uqi	A	2	9 235;244 602	9 49;50 84;85 122;123 159;160 197;198 235;244 294;295 339;340 379;380 422;423 435;436 471;472 490;491 532;533 578;579 602		III.	0
4v3o	A	1	4 292	4 21;22 63;64 105;106 147;148 189;190 231;232 273;274 292		III.	0
4v3o	B	1	4 292	4 21;22 63;64 105;106 147;148 189;190 231;232 273;274 292		III.	0
4v3o	C	1	4 291	4 21;22 63;64 105;106 147;148 189;190 231;232 273;274 291		III.	0
4v3o	D	1	4 289	4 21;22 63;64 105;106 147;148 189;190 231;232 273;274 289		III.	0
4v3q	A	1	4 250	4 21;22 63;64 105;106 147;148 189;190 231;232 250		III.	0
4v3q	B	1	4 250	4 21;22 63;64 105;106 147;148 189;190 231;232 250		III.	0
4v3q	D	1	4 247	4 21;22 63;64 105;106 147;148 189;190 231;232 247		III.	0
4v3r	A	1	22 292	22 63;64 105;106 147;148 189;190 231;232 273;274 292		III.	0
4v3r	B	1	22 292	22 63;64 105;106 147;148 189;190 231;232 273;274 292		III.	0
4wnd	A	1	13 349	13 50;51 90;91 130;131 190;191 230;231 270;271 310;311 349		III.	0
4wne	A	1	12 347	12 49;50 90;91 129;130 190;191 229;230 270;271 310;311 347		III.	0
4wng	A	1	12 347	12 49;50 90;91 130;131 189;190 229;230 270;271 310;311 347		III.	0
4wsl	A	1	1 293	1 35;36 70;71 105;106 140;141 175;176 210;211 245;246 280;281 293		III.	0
4wwp	A	1	548 617	548 565;566 583;584 617		III.	3 5
4wwp	A	4	621 751;758 775;792 915;924 1090	621 651;652 687;688 725;726 739;740 751;758 775;792 836;837 848;849 867;868 884;885 901;902 915;924 991;992 1021;1022 1058;1059 1070;1071 1090		III.	3 5
4wzr	A	2	134 290;301 646	134 155;156 191;192 227;228 264;265 290;301 340;341 376;377 413;414 483;484 519;520 574;575 613;614 646		III.	3 9
4wzr	A	2	134 290;301 646	134 155;156 191;192 227;228 264;265 290;301 340;341 376;377 413;414 483;484 519;520 574;575 613;614 646		III.	3 9
4wzr	B	1	131 646	131 155;156 191;192 227;228 264;265 289;290 301;302 340;341 376;377 413;414 483;484 520;521 574;575 612;613 646		III.	3 9
4wzr	B	1	131 646	131 155;156 191;192 227;228 264;265 289;290 301;302 340;341 376;377 413;414 483;484 520;521 574;575 612;613 646		III.	3 9
4wzs	C	5	2 71;150 342;351 503;514 704;713 778	2 35;36 71;150 180;181 195;196 239;240 274;275 305;306 342;351 382;383 415;416 477;478 503;514 537;538 564;565 599;600 629;630 664;665 690;691 704;713 750;751 778		III.	0
4wzw	A	2	129 289;301 645	129 169;170 191;192 227;228 264;265 289;301 340;341 376;377 413;414 484;485 519;520 574;575 612;613 645		III.	3 9
4wzw	A	2	129 289;301 645	129 169;170 191;192 227;228 264;265 289;301 340;341 376;377 413;414 484;485 519;520 574;575 612;613 645		III.	3 9
4xi0	A	1	42 210	42 75;76 108;109 143;144 176;177 210		III.	3 4
4xi0	B	1	42 210	42 75;76 108;109 143;144 176;177 210		III.	3 4
4xi0	C	1	41 210	41 75;76 108;109 143;144 176;177 210		III.	3 4
4xi0	D	1	41 210	41 75;76 108;109 143;144 176;177 210		III.	3 4
4xi0	E	1	41 210	41 75;76 108;109 143;144 176;177 210		III.	3 4
4xi0	F	1	41 210	41 75;76 108;109 143;144 176;177 210		III.	3 4
4xl5	C	1	15 258	15 41;42 72;73 103;104 134;135 165;166 196;197 227;228 258		III.	0
4xrk	A	2	39 561;574 867	39 54;55 107;108 147;148 193;194 237;238 278;279 342;343 384;385 425;426 469;470 517;518 561;574 617;618 658;659 702;703 743;744 757;758 802;803 847;848 867		III.	0
4y6w	A	1	1 208	1 42;43 82;83 124;125 168;169 208		III.	0
4ydo	A	1	28 304	28 47;48 81;82 117;118 157;158 196;197 234;235 270;271 304		III.	3 3
4yjl	A	3	400 426;441 513;522 735	400 426;441 488;489 513;522 536;537 581;582 629;630 671;672 692;693 713;714 735		III.	0
4yo5	G	1	403 522	403 430;431 474;475 522		III.	0
4zfh	A	1	15 167	15 46;47 79;80 112;113 145;146 167		III.	3 1
4zq0	D	2	6 207;220 235	6 37;38 61;62 96;97 118;119 173;174 207;220 235		III.	3 4
5a1x	E	2	23 239;262 570	23 60;61 99;100 131;132 170;171 206;207 239;262 300;301 338;339 374;375 410;411 427;428 462;463 504;505 535;536 553;554 570		III.	3 4
5a31	C	4	33 64;82 219;228 498;510 557	33 64;82 111;112 168;169 201;202 219;228 262;263 295;296 330;331 363;364 397;398 431;432 466;467 498;510 542;543 557		III.	0
5a31	F	1	6 782	6 36;37 67;68 113;114 146;147 463;464 497;498 530;531 564;565 598;599 633;634 666;667 701;702 734;735 768;769 782		III.	3 4
5a31	H	1	6 767	6 36;37 67;68 113;114 146;147 463;464 497;498 530;531 565;566 598;599 633;634 666;667 701;702 734;735 767		III.	3 4
5a31	J	2	2 100;129 532	2 36;37 70;71 100;129 162;163 198;199 229;230 263;264 297;298 332;333 366;367 400;401 443;444 477;478 511;512 532		III.	3 4
5a7d	C	1	40 386	40 76;77 116;117 156;157 213;214 253;254 293;294 333;334 373;374 386		III.	0
5a7d	D	1	41 385	41 75;76 116;117 155;156 212;213 253;254 292;293 333;334 372;373 385		III.	0
5a7d	E	1	39 389	39 76;77 116;117 156;157 213;214 253;254 293;294 333;334 373;374 389		III.	0
5a7d	F	1	41 386	41 76;77 116;117 152;153 213;214 249;250 293;294 329;330 369;370 386		III.	3 4
5a7d	G	1	40 385	40 75;76 116;117 155;156 212;213 253;254 292;293 333;334 372;373 385		III.	0
5a7d	H	1	40 386	40 75;76 116;117 155;156 212;213 253;254 292;293 333;334 373;374 386		III.	0
5a7d	I	1	41 386	41 76;77 116;117 156;157 213;214 253;254 293;294 333;334 373;374 386		III.	0
5a9q	1	5	452 479;490 784;813 935;945 1051;1062 1199	452 479;490 504;505 522;523 537;538 572;573 595;596 618;619 652;653 666;667 681;682 721;722 743;744 762;763 784;813 889;890 925;926 935;945 958;959 997;998 1012;1013 1051;1062 1097;1098 1177;1178 1199		III.	3 4
5aao	A	1	15 167	15 46;47 79;80 112;113 145;146 167		III.	3 1
5aao	B	1	15 166	15 46;47 79;80 112;113 145;146 166		III.	3 1
5aao	C	1	15 168	15 46;47 79;80 112;113 145;146 168		III.	3 1
5aao	D	1	15 166	15 46;47 79;80 112;113 145;146 166		III.	3 1
5aao	E	1	15 168	15 46;47 79;80 112;113 145;146 168		III.	3 1
5aao	F	1	15 166	15 46;47 79;80 112;113 145;146 166		III.	3 1
5aao	G	1	15 168	15 46;47 79;80 112;113 145;146 168		III.	3 1
5aao	H	1	15 166	15 46;47 79;80 112;113 145;146 166		III.	3 1
5aao	I	1	12 168	12 46;47 79;80 112;113 145;146 168		III.	3 1
5aao	J	1	15 168	15 46;47 79;80 112;113 145;146 168		III.	3 1
5aao	K	1	15 166	15 46;47 79;80 112;113 145;146 166		III.	3 1
1lf8	D	1	3 144	3 20;21 56;57 105;106 144		III.	0
1m8w	A	1	844 1167	844 874;875 910;911 946;947 982;983 1018;1019 1054;1055 1090;1091 1133;1134 1167		III.	3 9
1m8y	B	1	830 1167	830 843;844 873;874 909;910 945;946 981;982 1017;1018 1053;1054 1089;1090 1132;1133 1167		III.	3 9
1m9i	A	4	20 187;196 346;363 529;544 671	20 39;40 65;66 78;79 111;112 137;138 168;169 187;196 221;222 234;235 270;271 296;297 328;329 346;363 382;383 408;409 421;422 454;455 480;481 511;512 529;544 569;570 582;583 618;619 644;645 671		III.	3 1
1myo	A	1	1 118	1 26;27 60;61 93;94 118		III.	0
1nzn	A	2	7 24;33 124	7 24;33 70;71 106;107 124		III.	3 4
1o6o	C	3	12 270;279 318;329 440	12 42;43 101;102 135;136 185;186 227;228 270;279 318;329 376;377 419;420 440		III.	3 7
1o6p	A	1	12 440	12 48;49 102;103 141;142 185;186 227;228 270;271 332;333 376;377 419;420 440		III.	3 7
1o6p	B	1	1 440	1 12;13 33;34 48;49 102;103 141;142 185;186 227;228 270;271 331;332 361;362 376;377 419;420 440		III.	3 7
1qqe	A	2	3 192;252 289	3 31;32 71;72 111;112 152;153 192;252 269;270 289		III.	0
1rz4	A	3	2 127;135 172;181 213	2 24;25 61;62 96;97 127;135 172;181 202;203 213		III.	0
1sly	A	2	8 487;497 608	8 34;35 73;74 103;104 133;134 155;156 183;184 213;214 228;229 273;274 286;287 320;321 349;350 366;367 382;383 411;412 446;447 460;461 487;497 543;544 596;597 608		III.	0
1sz9	A	1	6 144	6 41;42 77;78 125;126 144		III.	0
1sza	A	1	6 140	6 41;42 77;78 125;126 140		III.	0
1sza	C	1	6 141	6 41;42 77;78 125;126 141		III.	0
1tjc	A	1	143 236	143 177;178 218;219 236		III.	0
1ukl	B	2	2 775;786 872	2 28;29 76;77 115;116 160;161 204;205 247;248 289;290 310;311 354;355 396;397 438;439 480;481 531;532 591;592 638;639 680;681 723;724 775;786 832;833 872		III.	0
1ukl	B	2	2 775;786 872	2 28;29 76;77 115;116 160;161 204;205 247;248 289;290 310;311 354;355 396;397 438;439 480;481 531;532 591;592 638;639 680;681 723;724 775;786 832;833 872		III.	0
1upk	A	2	10 293;301 335	10 76;77 122;123 162;163 206;207 252;253 293;301 335		III.	0
5aao	L	1	15 167	15 46;47 79;80 112;113 145;146 167		III.	3 1
5aei	A	1	22 291	22 63;64 105;106 147;148 189;190 231;232 273;274 291		III.	0
5aq7	A	1	15 145	15 46;47 79;80 112;113 145		III.	3 1
5aq7	A	2	157 193;202 417	157 193;202 260;261 296;297 329;330 344;345 400;401 417		III.	3 5
5aq7	B	1	15 145	15 46;47 79;80 112;113 145		III.	3 1
5aq7	B	3	150 274;284 348;370 417	150 172;173 197;198 209;210 274;284 329;330 348;370 417		III.	3 9
5aq8	A	1	15 145	15 46;47 79;80 112;113 145		III.	3 1
5aq8	A	3	147 262;278 394;406 426	147 158;159 201;202 262;278 319;320 394;406 426		III.	0
5aq9	A	1	11 145	11 46;47 79;80 112;113 145		III.	3 1
5aq9	C	1	11 145	11 46;47 79;80 112;113 145		III.	3 1
5aq9	C	2	147 176;184 422	147 176;184 205;206 251;252 264;265 319;320 364;365 396;397 422		III.	0
5aqa	A	1	11 145	11 46;47 79;80 112;113 145		III.	3 1
5aqa	A	2	158 192;201 309	158 192;201 256;257 272;273 309		III.	0
5aqa	B	1	12 145	12 46;47 79;80 112;113 145		III.	3 1
5aqb	A	1	18 144	18 46;47 78;79 111;112 144		III.	3 1
5aqb	A	3	146 199;207 388;408 428	146 157;158 199;207 278;279 321;322 388;408 428		III.	0
5b00	A	1	1 246	1 33;34 56;57 91;92 110;111 141;142 175;176 213;214 246		III.	0
5b00	C	1	1 246	1 33;34 56;57 91;92 110;111 141;142 175;176 213;214 246		III.	0
5bw9	H	4	9 25;37 51;72 406;416 476	9 25;37 51;72 88;89 137;138 178;179 238;239 282;283 333;334 350;351 387;388 406;416 460;461 476		III.	3 6
5bxo	A	1	493 646	493 525;526 558;559 591;592 624;625 646		III.	3 1
5bxo	B	1	493 646	493 525;526 558;559 591;592 624;625 646		III.	3 1
5bxu	A	1	489 646	489 525;526 558;559 591;592 624;625 646		III.	3 1
5bym	A	1	206 310	206 238;239 274;275 310		III.	3 9
5bym	A	2	312 534;562 599	312 354;355 391;392 428;429 498;499 534;562 599		III.	3 9
5bz1	A	1	208 310	208 238;239 274;275 310		III.	3 9
5bz1	A	2	312 465;494 599	312 353;354 391;392 428;429 465;494 530;531 561;562 599		III.	3 9
5bz5	A	1	208 310	208 238;239 274;275 310		III.	3 9
5bz5	A	1	312 428	312 354;355 391;392 428		III.	3 9
5bzu	A	1	208 310	208 238;239 274;275 310		III.	3 9
5bzu	A	1	312 428	312 354;355 391;392 428		III.	3 9
5bzv	A	1	208 310	208 238;239 274;275 310		III.	3 9
5bzv	A	1	312 465	312 353;354 391;392 428;429 465		III.	3 9
5cbo	A	1	12 1266	12 38;39 71;72 104;105 1219;1220 1252;1253 1266		III.	0
5cbo	B	1	12 1266	12 38;39 71;72 104;105 1219;1220 1252;1253 1266		III.	0
5cbo	C	1	12 1266	12 38;39 71;72 104;105 1219;1220 1252;1253 1266		III.	0
5cbo	D	1	12 1266	12 38;39 71;72 104;105 1219;1220 1252;1253 1266		III.	0
5cbo	E	1	12 1266	12 38;39 71;72 104;105 1219;1220 1252;1253 1266		III.	0
5cbo	F	1	12 1266	12 38;39 71;72 104;105 1219;1220 1252;1253 1266		III.	0
5cbo	H	1	12 1266	12 38;39 71;72 104;105 1219;1220 1252;1253 1266		III.	0
5cbo	I	1	12 1266	12 38;39 71;72 104;105 1219;1220 1252;1253 1266		III.	0
5cbo	J	1	12 1266	12 38;39 71;72 104;105 1219;1220 1252;1253 1266		III.	0
5cbo	K	1	12 1266	12 38;39 71;72 104;105 1219;1220 1252;1253 1266		III.	0
5cbo	L	1	12 1269	12 39;40 72;73 105;106 1231;1232 1269		III.	0
5che	E	1	200 316	200 238;239 279;280 316		III.	0
5che	F	1	200 316	200 239;240 279;280 316		III.	0
5cl6	A	1	8 222	8 56;57 91;92 126;127 161;162 199;200 222		III.	0
5ctr	B	2	280 295;307 574	280 295;307 341;342 411;412 469;470 507;508 538;539 574		III.	0
5cwk	A	1	3 171	3 42;43 88;89 128;129 171		III.	0
5d0q	D	1	31 243	31 63;64 100;101 155;156 173;174 206;207 243		III.	0
5d80	H	1	10 476	10 28;29 89;90 135;136 179;180 239;240 283;284 331;332 353;354 365;366 412;413 459;460 476		III.	3 6
5dcq	A	1	10 164	10 40;41 71;72 102;103 133;134 164		III.	0
5dcq	B	1	10 164	10 40;41 71;72 102;103 133;134 164		III.	0
5dcq	C	1	10 164	10 40;41 71;72 102;103 133;134 164		III.	0
5diz	A	3	28 274;291 328;339 380	28 64;65 108;109 143;144 178;179 214;215 274;291 328;339 380		III.	0
5efr	A	3	316 385;394 448;1033 1266	316 385;394 419;420 448;1033 1065;1066 1107;1108 1152;1153 1165;1166 1203;1204 1250;1251 1266		III.	3 4
5ekf	A	1	77 496	77 88;89 132;133 175;176 222;223 263;264 306;307 348;349 390;391 433;434 482;483 496		III.	3 6
5ekq	D	1	31 243	31 63;64 101;102 155;156 206;207 243		III.	0
5eno	D	1	11 166	11 46;47 79;80 112;113 145;146 166		III.	3 1
5eno	E	1	15 166	15 46;47 79;80 112;113 145;146 166		III.	3 1
5eno	F	1	11 166	11 46;47 79;80 112;113 145;146 166		III.	3 1
5enp	D	1	11 166	11 46;47 79;80 112;113 145;146 166		III.	3 1
5enp	E	1	15 166	15 46;47 79;80 112;113 145;146 166		III.	3 1
5enp	F	1	11 166	11 46;47 79;80 112;113 145;146 166		III.	3 1
5enq	D	1	11 166	11 46;47 79;80 112;113 145;146 166		III.	3 1
5enq	E	1	15 165	15 46;47 79;80 112;113 145;146 165		III.	3 1
5enq	F	1	11 166	11 46;47 79;80 112;113 145;146 166		III.	3 1
5enr	D	1	9 166	9 46;47 79;80 112;113 145;146 166		III.	3 1
5enr	E	1	15 166	15 46;47 79;80 112;113 145;146 166		III.	3 1
5enr	F	1	9 166	9 46;47 79;80 112;113 145;146 166		III.	3 1
5ens	D	1	11 166	11 46;47 79;80 112;113 145;146 166		III.	3 1
5ens	E	1	15 166	15 46;47 79;80 112;113 145;146 166		III.	3 1
5ens	F	1	11 166	11 46;47 79;80 112;113 145;146 166		III.	3 1
5ent	D	1	10 166	10 46;47 79;80 112;113 145;146 166		III.	3 1
5ent	E	1	15 166	15 46;47 79;80 112;113 145;146 166		III.	3 1
5ent	F	1	11 166	11 46;47 79;80 112;113 145;146 166		III.	3 1
5et0	A	1	2 329	2 35;36 69;70 103;104 137;138 171;172 205;206 239;240 271;272 304;305 329		III.	3 1
5et0	C	1	2 329	2 36;37 70;71 104;105 138;139 172;173 206;207 240;241 272;273 304;305 329		III.	3 1
5et1	A	1	2 329	2 35;36 69;70 103;104 137;138 171;172 205;206 239;240 271;272 304;305 329		III.	3 1
5et1	B	1	2 329	2 35;36 69;70 103;104 137;138 171;172 205;206 239;240 271;272 304;305 329		III.	3 1
5ewp	A	1	34 274	34 49;50 93;94 109;110 137;138 151;152 179;180 193;194 212;213 229;230 246;247 274		III.	3 5
5ewp	B	1	34 274	34 47;48 70;71 95;96 109;110 137;138 151;152 179;180 193;194 228;229 246;247 274		III.	3 5
5eyl	A	1	15 141	15 46;47 79;80 112;113 141		III.	3 1
5eyl	B	1	15 145	15 46;47 79;80 112;113 145		III.	3 1
5fg0	A	1	30 415	30 98;99 143;144 170;171 184;185 249;250 267;268 324;325 361;362 415		III.	0
5fg0	B	2	26 224;232 414	26 55;56 100;101 141;142 162;163 224;232 248;249 295;296 344;345 365;366 414		III.	0
5fg1	A	1	21 419	21 42;43 83;84 127;128 169;170 231;232 282;283 329;330 372;373 419		III.	0
5fjy	A	3	196 396;408 426;445 479	196 235;236 274;275 319;320 358;359 396;408 426;445 479		III.	0
5fjy	B	1	196 479	196 229;230 273;274 315;316 357;358 396;397 445;446 479		III.	0
5fjy	C	2	195 396;404 479	195 235;236 277;278 316;317 361;362 396;404 444;445 479		III.	0
5flc	2	2	1 270;400 614	1 32;33 78;79 112;113 152;153 192;193 238;239 270;400 516;517 539;540 614		III.	0
5flc	4	2	1 307;400 618	1 37;38 74;75 116;117 155;156 195;196 217;218 255;256 307;400 523;524 601;602 618		III.	3 7
5fu7	E	4	1847 1943;1955 2001;2011 2338;2346 2361	1847 1894;1895 1943;1955 2001;2011 2055;2056 2105;2106 2169;2170 2204;2205 2258;2259 2296;2297 2338;2346 2361		III.	0
5g04	F	1	6 782	6 37;38 67;68 113;114 147;148 463;464 497;498 531;532 565;566 599;600 633;634 668;669 701;702 735;736 769;770 782		III.	3 4
5g04	H	1	6 767	6 37;38 67;68 113;114 145;146 463;464 497;498 531;532 564;565 598;599 633;634 667;668 701;702 735;736 767		III.	3 4
5gan	J	4	155 171;181 526;530 881;887 898	155 171;181 201;202 216;217 239;240 273;274 304;305 335;336 366;367 397;398 439;440 477;478 494;495 526;530 549;550 592;593 632;633 666;667 699;700 735;736 768;769 803;804 836;837 868;869 881;887 898		III.	3 4
5gap	J	4	155 172;183 526;530 868;877 898	155 172;183 200;201 216;217 239;240 273;274 304;305 335;336 366;367 397;398 439;440 477;478 494;495 526;530 549;550 591;592 632;633 666;667 699;700 735;736 768;769 803;804 836;837 868;877 898		III.	3 4
5hiu	A	1	88 527	88 121;122 139;140 178;179 201;202 268;269 309;310 349;350 399;400 444;445 515;516 527		III.	3 5
5hiu	B	3	88 410;419 461;491 527	88 100;101 141;142 185;186 219;220 247;248 287;288 327;328 359;360 375;376 410;419 461;491 527		III.	0
5hiu	C	2	88 198;207 516	88 121;122 166;167 198;207 274;275 315;316 349;350 400;401 445;446 516		III.	3 5
5hiu	D	2	88 198;207 520	88 121;122 166;167 198;207 274;275 315;316 349;350 400;401 445;446 520		III.	3 5
5i9d	A	1	49 411	49 83;84 118;119 153;154 188;189 223;224 258;259 293;294 328;329 363;364 398;399 411		III.	0
5i9f	A	1	37 424	37 48;49 83;84 118;119 153;154 188;189 223;224 258;259 293;294 328;329 363;364 398;399 424		III.	0
5itz	F	1	15 139	15 46;47 79;80 112;113 139		III.	3 1
5iwk	A	4	27 149;163 319;330 548;560 635	27 39;40 77;78 114;115 149;163 195;196 238;239 287;288 319;330 342;343 385;386 398;399 427;428 440;441 465;466 499;500 517;518 548;560 590;591 603;604 635		III.	0
5iwr	A	2	27 149;163 289	27 39;40 77;78 114;115 149;163 195;196 238;239 289		III.	0
5iwr	A	2	291 467;480 603	291 308;309 321;322 345;346 385;386 398;399 422;423 467;480 492;493 573;574 603		III.	0
5ja4	D	1	529 669	529 561;562 597;598 631;632 669		III.	3 1
5jo8	A	3	27 71;83 203;212 277	27 40;41 71;83 118;119 130;131 164;165 203;212 246;247 277		III.	0
5lcw	F	1	6 767	6 36;37 67;68 113;114 146;147 463;464 497;498 530;531 564;565 598;599 633;634 666;667 701;702 734;735 767		III.	3 4
5lcw	H	1	6 767	6 37;38 67;68 113;114 147;148 463;464 497;498 531;532 564;565 598;599 633;634 667;668 701;702 734;735 767		III.	3 4
1upl	A	2	13 245;248 333	13 72;73 118;119 158;159 201;202 245;248 291;292 333		III.	3 5
1upl	B	2	18 245;248 333	18 71;72 118;119 158;159 201;202 245;248 287;288 333		III.	0
1uw4	B	1	768 1015	768 805;806 838;839 883;884 930;931 946;947 989;990 1015		III.	3 6
1w63	A	1	4 585	4 16;17 60;61 94;95 131;132 168;169 204;205 258;259 299;300 339;340 374;375 411;412 448;449 484;485 537;538 572;573 585		III.	0
1w63	B	1	13 576	13 25;26 62;63 101;102 133;134 175;176 212;213 254;255 294;295 332;333 367;368 402;403 440;441 478;479 516;517 534;535 555;556 576		III.	0
1w63	C	1	4 585	4 16;17 60;61 94;95 131;132 168;169 204;205 258;259 299;300 339;340 374;375 411;412 448;449 484;485 537;538 572;573 585		III.	0
1w63	D	1	13 576	13 25;26 62;63 101;102 133;134 175;176 212;213 254;255 294;295 332;333 367;368 402;403 440;441 478;479 516;517 534;535 555;556 576		III.	0
1w63	E	1	4 585	4 16;17 60;61 94;95 131;132 168;169 204;205 258;259 299;300 339;340 374;375 411;412 448;449 484;485 537;538 572;573 585		III.	0
1w63	F	1	13 576	13 25;26 62;63 101;102 133;134 175;176 212;213 254;255 294;295 332;333 367;368 402;403 440;441 478;479 516;517 534;535 555;556 576		III.	0
1w63	G	1	4 585	4 16;17 60;61 94;95 131;132 168;169 204;205 258;259 299;300 339;340 374;375 411;412 448;449 484;485 537;538 572;573 585		III.	0
1w63	H	1	13 576	13 25;26 62;63 101;102 133;134 175;176 212;213 254;255 294;295 332;333 367;368 402;403 440;441 478;479 516;517 534;535 555;556 576		III.	0
1w63	I	1	4 585	4 16;17 60;61 94;95 131;132 168;169 204;205 258;259 299;300 339;340 374;375 411;412 448;449 484;485 537;538 572;573 585		III.	0
1w63	J	1	13 576	13 25;26 62;63 101;102 133;134 175;176 212;213 254;255 294;295 332;333 367;368 402;403 440;441 478;479 516;517 534;535 555;556 576		III.	0
1w63	K	1	4 585	4 16;17 60;61 94;95 131;132 168;169 204;205 258;259 299;300 339;340 374;375 411;412 448;449 484;485 537;538 572;573 585		III.	0
1w63	L	1	13 576	13 25;26 62;63 101;102 133;134 175;176 212;213 254;255 294;295 332;333 367;368 402;403 440;441 478;479 516;517 534;535 555;556 576		III.	0
1w9c	A	1	710 1027	710 765;766 793;794 836;837 886;887 932;933 987;988 1027		III.	0
1w9c	B	1	707 1026	707 721;722 792;793 838;839 882;883 932;933 946;947 987;988 1026		III.	0
1wa5	C	2	1 905;917 958	1 41;42 77;78 123;124 169;170 229;230 279;280 329;330 400;401 446;447 488;489 541;542 586;587 638;639 677;678 718;719 731;732 783;784 807;808 855;856 868;869 905;917 929;930 958		III.	0
1wy6	A	1	7 156	7 38;39 75;76 106;107 124;125 156		III.	0
1xqr	A	1	86 349	86 116;117 159;160 201;202 244;245 286;287 334;335 349		III.	3 6
1xqr	B	2	86 105;117 349	86 105;117 159;160 201;202 244;245 286;287 334;335 349		III.	3 6
1xqs	A	1	88 350	88 115;116 157;158 200;201 242;243 284;285 328;329 350		III.	3 6
1xqs	B	1	87 350	87 101;102 155;156 198;199 241;242 282;283 327;328 350		III.	0
1yvp	B	3	29 355;373 410;420 537	29 69;70 105;106 147;148 192;193 208;209 238;239 254;255 266;267 302;303 355;373 410;420 442;443 462;463 493;494 521;522 537		III.	3 3
1yvr	A	1	7 121	7 38;39 83;84 121		III.	3 5
1yvr	A	2	123 137;146 251	123 137;146 173;174 203;204 220;221 251		III.	0
1z1w	A	3	132 210;218 333;343 775	132 168;169 189;190 210;218 251;252 279;280 302;303 333;343 365;366 384;385 400;401 419;420 447;448 489;490 503;504 539;540 577;578 600;601 633;634 667;668 681;682 717;718 752;753 775		III.	0
1z3h	A	5	2 157;165 434;451 530;544 868;892 958	2 44;45 95;96 116;117 157;165 189;190 241;242 297;298 340;341 399;400 434;451 499;500 530;544 597;598 644;645 678;679 717;718 764;765 801;802 823;824 868;892 918;919 958		III.	0
1z3h	B	7	2 65;78 151;161 524;545 669;678 709;718 867;898 959	2 31;32 65;78 113;114 151;161 176;177 210;211 237;238 255;256 282;283 300;301 330;331 345;346 376;377 398;399 429;430 450;451 492;493 524;545 581;582 612;613 636;637 669;678 709;718 747;748 777;778 814;815 839;840 867;898 916;917 936;937 959		III.	0
2a4z	A	1	547 710	547 572;573 620;621 655;656 710		III.	0
2a4z	A	3	712 784;841 870;887 1086	712 733;734 784;841 870;887 901;902 922;923 1002;1003 1022;1023 1045;1046 1068;1069 1086		III.	0
2aja	A	1	3 342	3 57;58 85;86 121;122 152;153 187;188 222;223 246;247 273;274 308;309 342		III.	0
2aja	B	1	5 351	5 34;35 68;69 92;93 128;129 162;163 197;198 234;235 278;279 318;319 351		III.	3 1
2awi	F	3	3 71;74 180;189 301	3 40;41 56;57 71;74 108;109 147;148 180;189 228;229 252;253 289;290 301		III.	0
2awi	I	2	2 57;73 290	2 40;41 57;73 105;106 142;143 186;187 227;228 248;249 290		III.	0
2awi	J	3	4 17;28 71;73 290	4 17;28 42;43 55;56 71;73 105;106 124;125 147;148 185;186 228;229 247;248 290		III.	0
2awi	L	1	186 290	186 228;229 248;249 290		III.	0
2awi	L	2	4 69;72 180	4 34;35 69;72 104;105 146;147 180		III.	0
2axv	A	2	2 180;192 303	2 40;41 54;55 72;73 104;105 142;143 180;192 204;205 248;249 289;290 303		III.	0
2axz	A	1	3 303	3 40;41 69;70 88;89 126;127 148;149 186;187 230;231 272;273 303		III.	0
2axz	C	2	2 68;73 284	2 39;40 68;73 105;106 156;157 186;187 230;231 272;273 284		III.	0
2axz	D	2	2 63;73 302	2 39;40 63;73 105;106 156;157 186;187 230;231 272;273 302		III.	0
2b6c	A	1	3 213	3 45;46 82;83 115;116 151;152 187;188 213		III.	0
2b6c	B	1	3 213	3 50;51 82;83 119;120 151;152 186;187 213		III.	3 5
2bap	A	1	135 435	135 148;149 201;202 243;244 298;299 346;347 363;364 435		III.	3 6
2c2l	A	2	26 126;134 299	26 58;59 92;93 126;134 153;154 173;174 206;207 221;222 253;254 266;267 281;282 299		III.	3 4
2d2s	A	1	526 753	526 546;547 604;605 686;687 707;708 753		III.	0
2db0	A	1	9 247	9 24;25 63;64 101;102 134;135 174;175 212;213 247		III.	3 5
2db0	B	1	9 248	9 24;25 63;64 101;102 134;135 174;175 212;213 248		III.	3 5
2fi7	A	1	36 242	36 69;70 103;104 136;137 173;174 206;207 242		III.	3 4
2fi7	B	1	34 242	34 70;71 104;105 137;138 174;175 206;207 242		III.	0
2fo1	E	3	1022 1084;1094 1189;1207 1297	1022 1052;1053 1084;1094 1126;1127 1162;1163 1189;1207 1240;1241 1273;1274 1297		III.	3 1
2fv2	A	2	5 88;99 268	5 35;36 88;99 131;132 146;147 174;175 192;193 224;225 237;238 268		III.	3 5
2fv2	B	1	5 268	5 28;29 45;46 83;84 103;104 128;129 146;147 174;175 192;193 224;225 236;237 268		III.	3 5
2fv2	C	1	5 268	5 30;31 45;46 85;86 98;99 131;132 146;147 174;175 192;193 224;225 236;237 268		III.	3 5
2fv2	D	1	5 268	5 30;31 45;46 85;86 98;99 131;132 146;147 174;175 192;193 224;225 237;238 268		III.	3 5
2grm	A	1	1 309	1 40;41 59;60 73;74 104;105 147;148 183;184 228;229 248;249 289;290 309		III.	0
2hr2	A	1	6 157	6 51;52 90;91 138;139 157		III.	0
2i2o	A	2	15 164;166 216	15 34;35 74;75 104;105 152;153 164;166 199;200 216		III.	0
2iae	B	1	35 402	35 83;84 154;155 193;194 234;235 273;274 315;316 361;362 402		III.	3 5
2iae	E	1	37 403	37 84;85 150;151 193;194 236;237 279;280 297;298 339;340 360;361 403		III.	0
2ifu	A	1	1 275	1 49;50 91;92 128;129 169;170 190;191 224;225 262;263 275		III.	0
2ifu	B	1	1 274	1 49;50 91;92 128;129 169;170 190;191 224;225 262;263 274		III.	0
2ifu	D	1	6 275	6 49;50 91;92 128;129 169;170 208;209 224;225 262;263 275		III.	0
2ilr	A	2	281 327;337 535	281 327;337 371;372 394;395 429;430 464;465 504;505 535		III.	3 5
2j9q	B	2	353 587;601 636	353 365;366 400;401 433;434 485;486 518;519 553;554 587;601 612;613 636		III.	0
2jkr	B	2	12 542;556 575	12 24;25 59;60 97;98 132;133 170;171 212;213 250;251 293;294 327;328 366;367 401;402 437;438 475;476 512;513 542;556 575		III.	0
2jkr	E	2	12 542;556 575	12 24;25 59;60 97;98 132;133 170;171 212;213 250;251 293;294 327;328 366;367 401;402 437;438 475;476 512;513 542;556 575		III.	0
2jkr	L	3	9 238;254 291;303 602	9 25;26 50;51 86;87 123;124 160;161 200;201 238;254 291;303 341;342 381;382 418;419 436;437 476;477 492;493 533;534 574;575 602		III.	0
2jkt	B	2	12 545;556 575	12 23;24 58;59 97;98 132;133 170;171 211;212 249;250 293;294 327;328 363;364 400;401 436;437 475;476 512;513 545;556 575		III.	0
2jkt	L	2	11 43;51 605	11 43;51 72;73 104;105 140;141 184;185 220;221 272;273 322;323 358;359 400;401 435;436 472;473 512;513 552;553 590;591 605		III.	0
2mhk	A	1	21 246	21 53;54 89;90 122;123 160;161 192;193 229;230 246		III.	3 4
2n3u	A	1	484 612	484 501;502 538;539 581;582 612		III.	3 5
2n3v	A	1	484 606	484 511;512 556;557 577;578 606		III.	0
2nbw	A	1	486 607	486 502;503 538;539 581;582 607		III.	3 4
2npp	B	1	28 415	28 77;78 95;96 120;121 161;162 207;208 249;250 287;288 329;330 373;374 403;404 415		III.	0
2nyl	B	1	29 415	29 77;78 144;145 186;187 224;225 271;272 304;305 348;349 395;396 415		III.	0
2nyl	E	1	30 414	30 76;77 144;145 185;186 225;226 270;271 285;286 334;335 349;350 393;394 414		III.	0
2nym	B	1	31 411	31 80;81 149;150 184;185 232;233 269;270 312;313 351;352 392;393 411		III.	3 5
2nym	E	1	29 414	29 81;82 144;145 186;187 224;225 271;272 304;305 348;349 395;396 414		III.	0
2of3	A	2	685 719;730 867	685 719;730 761;762 804;805 839;840 867		III.	0
2ond	B	1	244 545	244 286;287 336;337 370;371 404;405 439;440 476;477 511;512 545		III.	0
2qfc	A	2	5 58;70 285	5 17;18 58;70 106;107 146;147 190;191 231;232 272;273 285		III.	0
2qfc	B	2	3 90;102 284	3 19;20 57;58 71;72 90;102 128;129 146;147 203;204 231;232 284		III.	0
2qk1	A	1	325 559	325 362;363 409;410 459;460 491;492 538;539 559		III.	0
2qk2	A	1	274 504	274 315;316 357;358 391;392 435;436 474;475 504		III.	3 5
2r17	C	2	486 707;712 778	486 501;502 550;551 595;596 643;644 660;661 707;712 738;739 755;756 778		III.	0
2r17	D	1	484 779	484 498;499 528;529 572;573 620;621 663;664 713;714 759;760 779		III.	0
2rfo	B	2	206 789;800 821	206 230;231 265;266 291;292 325;326 360;361 383;384 447;448 482;483 515;516 564;565 586;587 613;614 636;637 648;649 670;671 708;709 731;732 789;800 821		III.	0
2uwj	G	1	2 113	2 20;21 52;53 67;68 97;98 113		III.	0
2uy1	A	3	12 62;67 413;424 447	12 44;45 62;67 94;95 121;122 157;158 170;171 211;212 242;243 257;258 295;296 317;318 349;350 382;383 413;424 447		III.	3 4
2vgl	A	2	9 578;586 606	9 48;49 84;85 121;122 159;160 197;198 234;235 251;252 270;271 294;295 339;340 378;379 422;423 454;455 469;470 509;510 532;533 578;586 606		III.	0
2vgl	B	3	13 494;502 544;556 575	13 25;26 63;64 101;102 133;134 175;176 214;215 253;254 294;295 332;333 352;353 365;366 402;403 440;441 479;480 494;502 515;516 530;531 544;556 575		III.	0
2vxg	A	2	1216 1243;1251 1348	1216 1243;1251 1285;1286 1332;1333 1348		III.	0
2w3c	A	2	57 155;164 628	57 119;120 155;164 198;199 254;255 305;306 353;354 401;402 453;454 506;507 554;555 573;574 628		III.	3 5
2wpv	C	2	11 221;230 290	11 46;47 89;90 110;111 147;148 185;186 221;230 262;263 290		III.	0
2wvi	A	2	57 108;118 217	57 73;74 108;118 131;132 150;151 181;182 203;204 217		III.	3 4
2x19	B	2	20 776;785 953	20 59;60 92;93 137;138 151;152 213;214 253;254 271;272 324;325 360;361 396;397 435;436 460;461 500;501 541;542 560;561 602;603 650;651 721;722 736;737 776;785 829;830 879;880 918;919 953		III.	0
2x1g	F	5	11 446;456 490;503 535;544 766;772 965	11 37;38 75;76 126;127 159;160 178;179 226;227 274;275 287;288 327;328 374;375 416;417 446;456 490;503 535;544 581;582 615;616 688;689 723;724 766;772 814;815 826;827 859;860 873;874 907;908 930;931 965		III.	0
2x1g	G	5	11 446;456 490;503 535;544 766;772 965	11 37;38 75;76 126;127 159;160 178;179 226;227 274;275 287;288 327;328 374;375 416;417 446;456 490;503 535;544 581;582 615;616 688;689 723;724 766;772 814;815 826;827 859;860 873;874 907;908 930;931 965		III.	0
2xa7	B	2	11 190;199 576	11 44;45 79;80 115;116 153;154 190;199 230;231 269;270 312;313 351;352 384;385 421;422 458;459 499;500 534;535 554;555 576		III.	0
2xes	B	3	525 641;649 725;734 764	525 563;564 605;606 641;649 681;682 725;734 764		III.	3 9
2xev	A	1	2 122	2 36;37 69;70 106;107 122		III.	3 4
2xpi	A	3	48 58;83 180;200 595	48 58;83 116;117 149;150 164;165 180;200 232;233 266;267 303;304 338;339 372;373 405;406 440;441 473;474 515;516 548;549 582;583 595		III.	0
2xpi	D	2	45 63;84 595	45 63;84 116;117 149;150 199;200 232;233 270;271 304;305 338;339 372;373 405;406 440;441 473;474 515;516 548;549 582;583 595		III.	0
2y1l	E	1	15 168	15 46;47 79;80 112;113 145;146 168		III.	3 1
2y4t	C	2	34 393;405 450	34 68;69 102;103 135;136 147;148 185;186 219;220 252;253 299;300 337;338 371;372 393;405 450		III.	0
2yhc	A	1	11 223	11 43;44 80;81 135;136 153;154 187;188 223		III.	0
2yjy	A	1	829 1164	829 844;845 874;875 910;911 945;946 981;982 1018;1019 1054;1055 1089;1090 1132;1133 1164		III.	3 9
2ynq	B	2	244 269;275 380	244 269;275 308;309 334;335 380		III.	0
2ypf	A	1	197 861	197 213;214 235;236 265;266 300;301 334;335 368;369 402;403 436;437 470;471 504;505 538;539 572;573 606;607 640;641 674;675 708;709 742;743 776;777 810;811 844;845 861		III.	0
2z6g	A	2	137 155;164 681	137 155;164 206;207 247;248 289;290 332;333 373;374 412;413 456;457 503;504 538;539 565;566 606;607 647;648 681		III.	3 6
2zu6	B	2	163 300;323 450	163 197;198 211;212 266;267 300;323 360;361 374;375 431;432 450		III.	0
2zu6	E	3	163 195;197 306;325 440	163 195;197 232;233 275;276 306;325 359;360 397;398 440		III.	0
3as8	A	1	45 216	45 78;79 112;113 146;147 180;181 216		III.	3 4
3asf	A	1	45 213	45 78;79 112;113 146;147 180;181 213		III.	3 4
3asf	B	1	45 213	45 78;79 112;113 146;147 180;181 213		III.	3 4
3au3	A	3	398 426;441 480;495 689	398 426;441 480;495 534;535 581;582 622;623 674;675 689		III.	0
3b2p	A	6	202 240;256 357;365 443;545 581;591 607;619 870	202 240;256 285;286 300;301 336;337 357;365 395;396 413;414 430;431 443;545 581;591 607;619 652;653 690;691 706;707 741;742 759;760 775;776 817;818 836;837 857;858 870		III.	3 3
3bct	A	2	193 546;567 661	193 207;208 247;248 290;291 333;334 373;374 413;414 455;456 503;504 546;567 607;608 647;648 661		III.	3 6
3bq3	A	2	12 125;138 269	12 26;27 68;69 83;84 125;138 159;160 178;179 221;222 239;240 269		III.	3 3
3bsx	B	1	830 1167	830 844;845 874;875 910;911 945;946 981;982 1017;1018 1054;1055 1089;1090 1132;1133 1167		III.	3 9
3bwt	A	1	559 886	559 585;586 623;624 659;660 697;698 732;733 770;771 808;809 848;849 886		III.	0
3bx2	B	1	562 884	562 589;590 625;626 662;663 698;699 734;735 774;775 812;813 852;853 884		III.	3 9
3bx3	A	1	562 886	562 589;590 625;626 661;662 698;699 734;735 774;775 810;811 852;853 886		III.	3 9
3c2g	A	4	181 329;331 558;573 623;625 798	181 195;196 243;244 306;307 329;331 351;352 413;414 475;476 514;515 558;573 623;625 684;685 738;739 779;780 798		III.	0
3c72	A	1	19 329	19 61;62 79;80 123;124 158;159 191;192 244;245 289;290 305;306 329		III.	0
3ceq	A	2	212 442;445 479	212 235;236 275;276 317;318 359;360 396;397 442;445 479		III.	0
3ceq	B	1	214 479	214 235;236 275;276 319;320 359;360 396;397 444;445 479		III.	0
3cqc	B	3	932 1062;1067 1127;1141 1156	932 945;946 979;980 1000;1001 1025;1026 1062;1067 1127;1141 1156		III.	0
3cv0	A	1	350 651	350 382;383 416;417 443;444 499;500 533;534 567;568 613;614 639;640 651		III.	0
3cvq	A	2	348 597;612 646	348 379;380 412;413 446;447 496;497 530;531 563;564 597;612 628;629 646		III.	0
3dad	A	1	24 339	24 43;44 110;111 130;131 172;173 217;218 262;263 313;314 339		III.	0
3dra	A	2	28 115;124 304	28 47;48 80;81 115;124 158;159 196;197 234;235 271;272 304		III.	3 3
3dss	A	1	19 330	19 61;62 79;80 123;124 158;159 191;192 244;245 289;290 303;304 330		III.	0
